5724293138856462371645854797717387987462752811103
90370788246925074976203114186887763609854318741011
71746864218659010464783228766973555714959465469191
92799064714377348608892884933254458131822787147617
3550910566898289863560668221613641164513474427898
22613972841467030900263918579082033475099814917218
60165517706342558303739295115928983273903561185682
98204593976258573738234224201735020377294315265357
88777886087208123746284007585468662659307323751265
627044112941703289630348513089384254407931646482
43291238982793657708835153696383370639722409733037
86811058322449894230412437767247512257974028704869
71983698146282834887755559797733290451909173255495
42489046209837726451226000297163799023791797171359
38591299342404451366179303917081428202127322114856
86327356798098710072452016677727904888095449226433
73895581454195900565564350415429545046255217178035
8128023634696566792666735720030632036059951237769
89569346768503574854385231510539217941977001711275
3339565995276255286150637470852543920479234276792
10995664546646495338148074896180255442905979048921
1203028464897457778846919376884534875638676581918
7263464998409027562941165733584899122761035007397
431022690447914839380638606435310983246783262467
97602760063389731304768012955432234675003936962209
68763235171706294796992729384659804402369120241055
77386648643510291618473339982348101723308485751829
22875356076547335970692629376753927075745147318091
397132516681359045785807769292355023105373914410
74923804003017363423384343344384048213941240838746
13797711182478486324249602568394995624984333308652
821537283461421679947477428522187670564002190938
87176531427564215333932907785324197552597220325465
5603187067722000394221084643136120696215867222
2155200598913868350382813135418748606891707370994
9475445282129207907473502789747513003404963459550
643129111534291053493854434591514988221760129388
69917094552680005843482341595946888940708417929594
31704609060940187399567683881219625961524057837
47989519909099643092685219084486126713737181934400
11483015359619848776610821500634458488607848440026
37704865848707373994616385849719466353945267598498
32003216715540772473555251895036763345053822664904
8891235390401520407793187175862291699053381693047
77608711402176715641726567010476512292317226194582
96879000903470788817326767016513266118916403552857
13392208646251499015324246030761577697718107801256
95210094432700560436747363076877248427438001557736
77352301294610808530217545624241771661249006417125
59817394817748246869829535154941929794262897330958
906121549918722893818084389898868225404183850930
3341429423964702533442172872953717660673663672664
650629869845531740224668308917361577639151897930
931403943515254639131930398995542496834889512114
45140576148101111953605785210090347496817236099202
46749370864386659510351417431036085118071385782197
42077792238374779653103519585798852850505177380656
50509774564121063031744593695295987521593163463656
81163538905803711620390532349669291983154146612095
8785366384762272004815242201482157740709540882532
37008410437647960519342514348384997326214443047425
72539424685941044300269952234251286265411306548961
55645020038841355283650936586035562060398138459348
85691931026709464524916925933017311690421465736079
1038054429891798104174440595746631191688898420408
4429218786187102558270050776390067826297855435542
81832756092598121053482886382639073155119435714931
95325984747588290486513704826978526326642233583770
33716825166052739184984147151321893189672152569482
3584839441237495855171528659314670123022932037614
1255130215774600638093746569342220617513208645
8933639570997028962790267754227044255987244111124
258493336892995229493534703584943693692467978452
29716870139116888331899191082683752122159698598251
70583523555720202951584828311165711485268635909503
26027604329030698908879796988874999758371898552291
77230493621483864845824501155376219392321414392849
53716015451772172266760637406414954258627536877761
50315948633722357204669866519471958749037860650223
3168640982913003660333691953549682544307239218098
32775457065002166929743232018795062392021396619160
97665514685394902030781661759364626405365649713187
66289594045183655139438083096472412970249342031929
38973042614463680844514243803974168546215987522931
55279655645749472249293271251784692952461532921183
88398447094343184663766889028926543515122636244223
580755406547466412292987835322214470118578914331
99969699286147409995420318406147604381464532461972
35083767613263457825383570744798297885382170828314
78469356248099454021846459581998259457324291539772
91784081312191178798174632209486744181267587203649
9917116815696541477766074846212084153127716618585
2530292762258574387310643740478106677031175987215
6236226152436754352682736592170100532662468203110
388171374643259009738241586052961012364897637721
20993252428186759891872470294883338834257996369345
76851843749277615757699308940145144599344482108172
4950828669731524984515903807777265299124697666090
52064195031633986566776133724777977942364439168067
7573487123585878067327754560116088719329260859000
53386608031389730212311528702941832804769389461686
70377197834337057628314276866425963553248138470049
26633681621471425766117069230161845428848768330355
70834794555626924131731413475912956156989824274803
230528032179942407816034717739999116456321669339
53318107171851649737565455323639729127103797238225
2498384372833968303545008719366738437883309411498
34297049068843465364670865003259691338378748108035
78232949913160416394667762889810207045574144808608
55745489771163078249810453109834511596446234940688
98835569045370358820116302717692449328636927391025
861762383736411362873725323582031105055581982008
3980483737165634563347294703926576701816433094952
238187041145218355939922813092931396634255029385
19101716533162023744104970046202556313298269135
20093897354519717026715825077925290008391698282390
8738069719858788743788023586539972376771725201672
95369353073549619958965144347677464539356585729695
75840708531860831484496435159479849658692258348417
4059747723276610003434992040312098422982745719076
14129239002290886149944632765874859899213095250802
27004599056228746017115756023143160560201406196164
45435893884298166919954203591474145781972099081395
5114551995548105129228544053655126501086614105611
75952819773395974577996862468494008012531719161162
98048828771266755431679536823436504336932681356458
6417798717503049984928473043016767976395110107943
98246570904371362884720292974191264921559046608849
90099612662155084875471628688939843950039615615407
23557379194757888011650370766728630378393996177663
7042795285436006548114569638820914217471840412047
56256764965495680858783461988759222226877332004556
92969321532988365328955667450872030163739156463025
2618647775485968439659077016375288671731439313256
75520426467050217754782519775734225577289439454056
9293181459885408777553646098395641156585903683402
36464520725543820527349055849387470296419768680584
161044769759119856965781589162893182216702313390
67807176378687156211781924285153059189412155022184
7838385042197367986948975523834205704844956159712
73046370142274858986393917700388114209009912378483
86730197378075169041474944836611967635556727928762
36498953031409123602970986289321459670045922917914
9871167760758531023583963159278178048323109977202
6881339097726860420945229670024033647659608335206
68927588616594558966813422666170929640047356397470
39311388903771431113344050261610712425135018022034
88282262586764759255686179753741049167404900178094
81951300992216772819844453048749778857049493735101
94877706661332470742195707501330444708776950580842
219105125658707260140628941316685895810546084884
47262143267961413548526617746836476267375187260182
1385272688633069993838625867125546923454889779055
96146077741451179566170494307345384281988896294853
2909815386594725351290158716721367937966096258134
9162426759141571048856118905318462320963919092475
54629054429770170399631470656143008777021478339574
5054368904925269636977403112385435632033636949604
75043486023409811767240110714930269535484243021503
82944823337133213644491813138251000119486985699670
14964039901454022468509685967637899895887609812889
4186047665385218323611482517714016226651119091300
759938048937316086140686436179002409781780808674
54743991521447538695375295138433052796039812358761
74291058202765864163467113268816481773513061355154
150954795430583974280272881905046715898508970287
25759685794362695173760122304032543530614936268806
1981666098660138275793978656705908202271285769017
51305889703670473457888319500349361501248399420228
55402039865247396798474850687859076246819565043228
92293813607649564335303842084070000362385933599527
11629405813567397896673171101296603209042692694445
43592173803691221634506873260684968480844405454093
23493586879189148859569310441477016110521632425164
13303359078719928237921801033174773021052717941382
72611497699565878351872830243781163632433731861930
5751488561191717886234369362385228666883951977695
84054259334955930447967941687715021342405392043771
26181087868813487035917715943493518337703312967954
784546228189608265129163880194334883271863063041
14103401063088649624148618375298970184815396564500
76008230973172903194478995973039217519947261070
36108049213729361276545889586992607154407427772859
90059771882316186107305058406797431694983000993124
824226599215955630999359160024167455847814933030
41779036625038947232827918034298006858408690104302
24136684192335165502332774089566310846981226703824
7352717384731563853796419287151991889381809210510
23270964839669056912179082218474149989446782863972
56502720077716004733671564671113963107253538818565
303098174874657631304135609366883628514741251948
708273015219400800560944477941842385216408696846
95952309948817749103613065944152726399397069970672
33239215176319644193869239251139847676665471228830
35742183771346293054236476744072239721898530894854
7936574508771435323322639970927999143055037874561
2979006284389778463908525243432993630566285327526
1199721820206854933486018566048683055256125671301
45369646721838570241466152322661781902816181451696
70813549754259679940677976441751241520111852824668
